1 4.292000 4.680000 4.740000 0.148747 0.165739 0.157739
2 2.528000 3.380000 3.070000 0.090625 0.117347 0.106956
3 1.840000 2.980000 2.650000 0.065082 0.098703 0.087331
4 1.408000 2.820000 2.510000 0.050569 0.090596 0.079707
5 1.138000 2.660000 2.490000 0.040003 0.085508 0.075025
6 0.886000 2.540000 2.340000 0.032248 0.082613 0.072057
7 0.678000 2.470000 2.230000 0.025704 0.080806 0.070255
8 0.530000 2.370000 2.170000 0.020907 0.079867 0.069422
9 0.400000 2.320000 2.200000 0.017025 0.079007 0.069509
10 0.324000 2.320000 2.100000 0.013962 0.078296 0.069131
11 0.244000 2.220000 2.090000 0.011769 0.078074 0.069025
12 0.158000 2.240000 2.050000 0.009917 0.078524 0.069189
13 0.120000 2.170000 1.980000 0.008576 0.078634 0.069644
14 0.098000 2.140000 1.950000 0.007429 0.078778 0.069841
15 0.068000 2.140000 1.950000 0.006235 0.078888 0.069663
16 0.052000 2.130000 1.940000 0.005348 0.079234 0.069909
17 0.038000 2.120000 1.960000 0.004605 0.079498 0.069884
18 0.032000 2.110000 1.990000 0.004064 0.080003 0.070227
19 0.022000 2.090000 1.940000 0.003614 0.080505 0.070542
20 0.018000 2.070000 1.970000 0.003242 0.080877 0.070960
21 0.012000 2.070000 1.950000 0.002929 0.081277 0.071234
22 0.010000 2.070000 1.980000 0.002659 0.081859 0.071653
23 0.006000 2.070000 1.940000 0.002430 0.082343 0.071960
24 0.006000 2.070000 1.970000 0.002250 0.082777 0.072375
25 0.006000 2.060000 1.970000 0.002074 0.083211 0.072751
26 0.002000 2.090000 1.960000 0.001933 0.083802 0.073111
27 0.002000 2.090000 1.970000 0.001808 0.084254 0.073448
28 0.000000 2.070000 2.000000 0.001692 0.084718 0.073825
29 0.000000 2.080000 1.990000 0.001591 0.085162 0.074146
30 0.000000 2.080000 2.000000 0.001499 0.085604 0.074510
31 0.000000 2.080000 2.000000 0.001417 0.086031 0.074782
32 0.000000 2.090000 1.960000 0.001341 0.086439 0.075103
33 0.000000 2.090000 1.960000 0.001274 0.086881 0.075450
34 0.000000 2.090000 1.960000 0.001209 0.087205 0.075696
35 0.000000 2.090000 1.970000 0.001156 0.087594 0.076003
36 0.000000 2.080000 1.960000 0.001102 0.087938 0.076280
37 0.000000 2.080000 1.950000 0.001056 0.088325 0.076585
38 0.000000 2.090000 1.930000 0.001010 0.088623 0.076806
39 0.000000 2.080000 1.960000 0.000970 0.088924 0.077103
40 0.000000 2.080000 1.940000 0.000933 0.089260 0.077340
41 0.000000 2.070000 1.940000 0.000896 0.089555 0.077579
42 0.000000 2.060000 1.940000 0.000863 0.089852 0.077853
43 0.000000 2.060000 1.960000 0.000833 0.090131 0.078075
44 0.000000 2.050000 1.960000 0.000805 0.090400 0.078304
45 0.000000 2.060000 1.940000 0.000777 0.090690 0.078543
46 0.000000 2.070000 1.990000 0.000752 0.090940 0.078747
47 0.000000 2.070000 1.980000 0.000727 0.091158 0.078975
48 0.000000 2.070000 1.980000 0.000705 0.091432 0.079202
49 0.000000 2.080000 1.980000 0.000683 0.091672 0.079396
50 0.000000 2.070000 2.000000 0.000664 0.091917 0.079625
